Total: 5031
Train: 4000
Num of features: 410
Num of zero features: 0
Num of one_zero features: 129
Num of nominal features: 249
Num of numeric features: 32
Trying to find more nominal features:
Numeric feature: 0
Number of distinct values: 43
[-0.36047   -0.33667   -0.31286   -0.28905   -0.26524   -0.24143   -0.21762
 -0.19381   -0.17      -0.14619   -0.12238   -0.09857   -0.07476   -0.050951
 -0.027141  -0.0033317  0.020478   0.044287   0.068097   0.091906   0.11572
  0.13953    0.16333    0.18714    0.21095    0.23476    0.25857    0.28238
  0.30619    0.33       0.35381    0.37762    0.40143    0.42524    0.44905
  0.47286    0.49667    0.52048    0.54429    0.5681     0.59191    0.61572
  0.63953  ]
Numeric feature: 11
Number of distinct values: 48
[-0.45295   -0.43254   -0.41213   -0.39172   -0.37131   -0.35091   -0.3305
 -0.31009   -0.28968   -0.26927   -0.24887   -0.22846   -0.20805   -0.18764
 -0.16723   -0.14682   -0.12642   -0.10601   -0.0856    -0.065192  -0.044784
 -0.024375  -0.0039672  0.016441   0.036849   0.057257   0.077665   0.098074
  0.11848    0.13889    0.1593     0.17971    0.20011    0.22052    0.24093
  0.26134    0.28175    0.30216    0.32256    0.34297    0.36338    0.38379
  0.4042     0.4246     0.44501    0.46542    0.48583    0.54705  ]
Numeric feature: 12
Number of distinct values: 77
[ -2.25160000e-01  -2.16310000e-01  -1.98610000e-01  -1.89760000e-01
  -1.85330000e-01  -1.80910000e-01  -1.72060000e-01  -1.63210000e-01
  -1.54360000e-01  -1.45510000e-01  -1.36660000e-01  -1.27810000e-01
  -1.18960000e-01  -1.10110000e-01  -1.01260000e-01  -9.24120000e-02
  -8.79870000e-02  -8.35620000e-02  -7.47130000e-02  -6.58630000e-02
  -5.70140000e-02  -4.81640000e-02  -3.93150000e-02  -3.04650000e-02
  -2.16160000e-02  -1.27660000e-02  -3.91640000e-03   5.08350000e-04
   4.93310000e-03   1.37830000e-02   2.26320000e-02   3.14820000e-02
   4.03310000e-02   4.91810000e-02   5.80300000e-02   6.68800000e-02
   7.57300000e-02   8.45790000e-02   8.90040000e-02   9.34290000e-02
   1.02280000e-01   1.11130000e-01   1.19980000e-01   1.28830000e-01
   1.37680000e-01   1.46530000e-01   1.55380000e-01   1.64230000e-01
   1.73070000e-01   1.81920000e-01   1.90770000e-01   1.99620000e-01
   2.08470000e-01   2.17320000e-01   2.26170000e-01   2.35020000e-01
   2.43870000e-01   2.52720000e-01   2.57150000e-01   2.61570000e-01
   2.70420000e-01   2.79270000e-01   2.88120000e-01   2.96970000e-01
   3.05820000e-01   3.14670000e-01   3.32370000e-01   3.58920000e-01
   3.76610000e-01   3.85460000e-01   4.20860000e-01   4.29710000e-01
   4.65110000e-01   5.53610000e-01   5.97850000e-01   6.86350000e-01
   7.74840000e-01]
Numeric feature: 13
Number of distinct values: 1037
[-0.24035 -0.19503 -0.17166 ...,  0.5675   0.62611  0.75965]
Numeric feature: 55
Number of distinct values: 14
[-0.56381  -0.48689  -0.40997  -0.33304  -0.25612  -0.1792   -0.10227
 -0.025351  0.051573  0.1285    0.20542   0.28234   0.35926   0.43619 ]
Numeric feature: 379
Number of distinct values: 162
[-0.32524   -0.31553   -0.30582   -0.29612   -0.28641   -0.28317   -0.2767
 -0.27346   -0.26699   -0.26375   -0.25728   -0.25404   -0.24757   -0.24434
 -0.2411    -0.23786   -0.23463   -0.23139   -0.22816   -0.22492   -0.22168
 -0.21845   -0.21521   -0.21197   -0.20874   -0.20227   -0.19903   -0.19256
 -0.18932   -0.18285   -0.17961   -0.17314   -0.1699    -0.16343   -0.15696
 -0.15372   -0.14725   -0.14401   -0.13754   -0.1343    -0.12783   -0.1246
 -0.11812   -0.11489   -0.10841   -0.10518   -0.10194   -0.098705  -0.095469
 -0.092233  -0.088996  -0.08576   -0.082524  -0.079288  -0.072815  -0.069579
 -0.05987   -0.053398  -0.050161  -0.040453  -0.030744  -0.021035  -0.011327
 -0.0016178  0.0080909  0.0178     0.027508   0.037217   0.046926   0.050162
  0.056635   0.059871   0.066343   0.076052   0.082525   0.085761   0.088997
  0.092233   0.09547    0.098706   0.10194    0.10518    0.11165    0.11489
  0.12136    0.1246     0.13107    0.1343     0.14078    0.14401    0.15049
  0.15372    0.16019    0.16667    0.1699     0.17638    0.17961    0.18608
  0.18932    0.19579    0.19903    0.2055     0.20874    0.21197    0.21521
  0.21845    0.22492    0.22816    0.23463    0.23786    0.24434    0.25405
  0.26375    0.27023    0.27346    0.28317    0.29288    0.30259    0.3123
  0.32201    0.33172    0.34142    0.35113    0.36084    0.37055    0.38026
  0.38997    0.39968    0.40615    0.40939    0.41586    0.41909    0.42233
  0.42557    0.4288     0.43528    0.43851    0.44498    0.44822    0.45469
  0.45793    0.4644     0.46764    0.47411    0.47735    0.48382    0.49029
  0.50971    0.51295    0.51942    0.52265    0.53884    0.55825    0.56149
  0.56796    0.58738    0.59709    0.61651    0.62621    0.63592    0.65534
  0.67476  ]
Numeric feature: 380
Number of distinct values: 37
[-0.3345    -0.307     -0.2795    -0.252     -0.2245    -0.1945    -0.167
 -0.1395    -0.112     -0.084502  -0.057002  -0.029502  -0.0020016
  0.025498   0.055498   0.082998   0.1105     0.138      0.1655     0.193
  0.2205     0.248      0.2755     0.3055     0.333      0.3605     0.388
  0.4155     0.443      0.4705     0.498      0.5255     0.5555     0.583
  0.6105     0.638      0.6655   ]
Numeric feature: 381
Number of distinct values: 9
[ 1.   1.5  2.   2.5  3.   3.5  4.   4.5  5. ]
Numeric feature: 382
Number of distinct values: 213
[ -1.55300000e-01  -1.51690000e-01  -1.48080000e-01  -1.44470000e-01
  -1.40860000e-01  -1.37250000e-01  -1.33640000e-01  -1.30030000e-01
  -1.26420000e-01  -1.22810000e-01  -1.19200000e-01  -1.15590000e-01
  -1.11980000e-01  -1.08370000e-01  -1.04760000e-01  -1.01150000e-01
  -9.75430000e-02  -9.39320000e-02  -9.03220000e-02  -8.67120000e-02
  -8.31020000e-02  -7.94920000e-02  -7.58820000e-02  -7.22720000e-02
  -6.86620000e-02  -6.50520000e-02  -6.14410000e-02  -5.78310000e-02
  -5.42210000e-02  -5.06110000e-02  -4.70010000e-02  -4.33910000e-02
  -3.97810000e-02  -3.61710000e-02  -3.25610000e-02  -2.89500000e-02
  -2.53400000e-02  -2.17300000e-02  -1.81200000e-02  -1.45100000e-02
  -1.09000000e-02  -7.28980000e-03  -3.67970000e-03  -6.96050000e-05
   3.54050000e-03   7.15060000e-03   1.07610000e-02   1.43710000e-02
   1.79810000e-02   2.15910000e-02   2.52010000e-02   2.88110000e-02
   3.24210000e-02   3.60310000e-02   3.96420000e-02   4.32520000e-02
   4.68620000e-02   5.04720000e-02   5.40820000e-02   5.76920000e-02
   6.13020000e-02   6.49120000e-02   6.85220000e-02   7.21330000e-02
   7.57430000e-02   7.93530000e-02   8.29630000e-02   8.65730000e-02
   9.01830000e-02   9.37930000e-02   9.74030000e-02   1.01010000e-01
   1.04620000e-01   1.08230000e-01   1.11840000e-01   1.15450000e-01
   1.19060000e-01   1.22670000e-01   1.26280000e-01   1.29890000e-01
   1.33500000e-01   1.37110000e-01   1.40720000e-01   1.44330000e-01
   1.47940000e-01   1.51550000e-01   1.55170000e-01   1.58780000e-01
   1.62390000e-01   1.66000000e-01   1.69610000e-01   1.73220000e-01
   1.76830000e-01   1.80440000e-01   1.84050000e-01   1.87660000e-01
   1.91270000e-01   1.94880000e-01   1.98490000e-01   2.02100000e-01
   2.05710000e-01   2.09320000e-01   2.12930000e-01   2.16540000e-01
   2.20150000e-01   2.23760000e-01   2.27370000e-01   2.30980000e-01
   2.34590000e-01   2.38200000e-01   2.41810000e-01   2.45420000e-01
   2.49030000e-01   2.52640000e-01   2.56250000e-01   2.59860000e-01
   2.63470000e-01   2.67080000e-01   2.70690000e-01   2.74300000e-01
   2.77910000e-01   2.81520000e-01   2.85130000e-01   2.88740000e-01
   2.92350000e-01   2.95960000e-01   2.99570000e-01   3.03180000e-01
   3.06790000e-01   3.10400000e-01   3.14010000e-01   3.17620000e-01
   3.21230000e-01   3.24840000e-01   3.28450000e-01   3.32060000e-01
   3.35670000e-01   3.39280000e-01   3.42890000e-01   3.46500000e-01
   3.50110000e-01   3.53720000e-01   3.57330000e-01   3.60940000e-01
   3.64550000e-01   3.68160000e-01   3.71770000e-01   3.75380000e-01
   3.78990000e-01   3.86210000e-01   3.89820000e-01   3.93430000e-01
   3.97040000e-01   4.04260000e-01   4.07870000e-01   4.11480000e-01
   4.15090000e-01   4.18700000e-01   4.22310000e-01   4.25920000e-01
   4.29530000e-01   4.33140000e-01   4.36750000e-01   4.40360000e-01
   4.43970000e-01   4.51190000e-01   4.54800000e-01   4.62020000e-01
   4.65630000e-01   4.69240000e-01   4.72850000e-01   4.76460000e-01
   4.80070000e-01   4.83680000e-01   4.87300000e-01   4.90910000e-01
   4.94520000e-01   4.98130000e-01   5.01740000e-01   5.05350000e-01
   5.12570000e-01   5.16180000e-01   5.19790000e-01   5.23400000e-01
   5.27010000e-01   5.30620000e-01   5.34230000e-01   5.37840000e-01
   5.45060000e-01   5.48670000e-01   5.52280000e-01   5.55890000e-01
   5.59500000e-01   5.63110000e-01   5.66720000e-01   5.73940000e-01
   5.77550000e-01   5.84770000e-01   5.91990000e-01   5.95600000e-01
   5.99210000e-01   6.06430000e-01   6.10040000e-01   6.17260000e-01
   6.20870000e-01   6.24480000e-01   6.49750000e-01   7.18340000e-01
   7.50830000e-01   7.54440000e-01   7.58050000e-01   7.68880000e-01
   8.44700000e-01]
Numeric feature: 383
Number of distinct values: 213
[ -1.55540000e-01  -1.52290000e-01  -1.49040000e-01  -1.45800000e-01
  -1.39300000e-01  -1.36060000e-01  -1.32810000e-01  -1.29560000e-01
  -1.26320000e-01  -1.23070000e-01  -1.19820000e-01  -1.16580000e-01
  -1.13330000e-01  -1.06840000e-01  -1.03590000e-01  -1.00340000e-01
  -9.70970000e-02  -9.38500000e-02  -9.06030000e-02  -8.73560000e-02
  -8.41100000e-02  -8.08630000e-02  -7.43690000e-02  -7.11230000e-02
  -6.78760000e-02  -6.46290000e-02  -6.13820000e-02  -5.81360000e-02
  -5.48890000e-02  -5.16420000e-02  -4.83950000e-02  -4.19020000e-02
  -3.86550000e-02  -3.54080000e-02  -3.21620000e-02  -2.89150000e-02
  -2.56680000e-02  -2.24210000e-02  -1.91750000e-02  -1.59280000e-02
  -9.43440000e-03  -6.18760000e-03  -2.94090000e-03   3.05900000e-04
   3.55260000e-03   6.79940000e-03   1.00460000e-02   1.32930000e-02
   1.65400000e-02   2.30330000e-02   2.62800000e-02   2.95270000e-02
   3.27730000e-02   3.60200000e-02   3.92670000e-02   4.25140000e-02
   4.57600000e-02   4.90070000e-02   5.55010000e-02   5.87470000e-02
   6.19940000e-02   6.52410000e-02   6.84880000e-02   7.17340000e-02
   7.49810000e-02   7.82280000e-02   8.14750000e-02   8.79680000e-02
   9.12150000e-02   9.44620000e-02   9.77080000e-02   1.00960000e-01
   1.04200000e-01   1.07450000e-01   1.10700000e-01   1.13940000e-01
   1.20440000e-01   1.23680000e-01   1.26930000e-01   1.30180000e-01
   1.33420000e-01   1.36670000e-01   1.39920000e-01   1.43160000e-01
   1.46410000e-01   1.52900000e-01   1.56150000e-01   1.59400000e-01
   1.62640000e-01   1.65890000e-01   1.69140000e-01   1.72380000e-01
   1.75630000e-01   1.78880000e-01   1.85370000e-01   1.88620000e-01
   1.91860000e-01   1.95110000e-01   1.98360000e-01   2.01600000e-01
   2.04850000e-01   2.08100000e-01   2.11340000e-01   2.17840000e-01
   2.21090000e-01   2.24330000e-01   2.27580000e-01   2.30830000e-01
   2.34070000e-01   2.37320000e-01   2.40570000e-01   2.43810000e-01
   2.50310000e-01   2.53550000e-01   2.56800000e-01   2.60050000e-01
   2.63290000e-01   2.66540000e-01   2.69790000e-01   2.73030000e-01
   2.76280000e-01   2.82770000e-01   2.86020000e-01   2.89270000e-01
   2.92510000e-01   2.95760000e-01   2.99010000e-01   3.02250000e-01
   3.05500000e-01   3.08750000e-01   3.15240000e-01   3.18490000e-01
   3.21730000e-01   3.24980000e-01   3.28230000e-01   3.31470000e-01
   3.34720000e-01   3.37970000e-01   3.41210000e-01   3.47710000e-01
   3.50960000e-01   3.54200000e-01   3.57450000e-01   3.60700000e-01
   3.63940000e-01   3.67190000e-01   3.70440000e-01   3.73680000e-01
   3.80180000e-01   3.86670000e-01   3.89920000e-01   3.93160000e-01
   3.96410000e-01   4.02900000e-01   4.06150000e-01   4.12640000e-01
   4.15890000e-01   4.19140000e-01   4.22380000e-01   4.25630000e-01
   4.28880000e-01   4.32120000e-01   4.35370000e-01   4.38620000e-01
   4.45110000e-01   4.51600000e-01   4.54850000e-01   4.61340000e-01
   4.64590000e-01   4.67840000e-01   4.71090000e-01   4.77580000e-01
   4.80830000e-01   4.84070000e-01   4.87320000e-01   4.90570000e-01
   4.93810000e-01   4.97060000e-01   5.00310000e-01   5.03550000e-01
   5.13290000e-01   5.16540000e-01   5.19790000e-01   5.23030000e-01
   5.26280000e-01   5.29530000e-01   5.32770000e-01   5.36020000e-01
   5.45760000e-01   5.49010000e-01   5.52250000e-01   5.55500000e-01
   5.58750000e-01   5.61990000e-01   5.65240000e-01   5.74980000e-01
   5.78230000e-01   5.84720000e-01   5.91210000e-01   5.94460000e-01
   5.97710000e-01   6.07450000e-01   6.10700000e-01   6.17190000e-01
   6.20440000e-01   6.23680000e-01   6.49660000e-01   7.17840000e-01
   7.50310000e-01   7.53550000e-01   7.56800000e-01   7.69790000e-01
   8.44460000e-01]
Numeric feature: 384
Number of distinct values: 90
[-0.34993   -0.33869   -0.32746   -0.31622   -0.30499   -0.29375   -0.28251
 -0.27128   -0.26004   -0.24881   -0.23757   -0.22633   -0.2151    -0.20386
 -0.19263   -0.18139   -0.17015   -0.15892   -0.14768   -0.13645   -0.12521
 -0.11397   -0.10274   -0.091502  -0.080266  -0.06903   -0.057794  -0.046559
 -0.035323  -0.024087  -0.012851  -0.0016147  0.0096212  0.020857   0.032093
  0.043329   0.054565   0.065801   0.077037   0.088273   0.099509   0.11074
  0.12198    0.13322    0.14445    0.15569    0.16692    0.17816    0.1894
  0.20063    0.21187    0.2231     0.23434    0.24558    0.25681    0.26805
  0.27928    0.29052    0.30176    0.31299    0.32423    0.33546    0.3467
  0.35794    0.36917    0.38041    0.39164    0.40288    0.41412    0.42535
  0.43659    0.44782    0.45906    0.4703     0.48153    0.49277    0.504
  0.51524    0.52648    0.53771    0.54895    0.56018    0.57142    0.58265
  0.59389    0.60513    0.61636    0.6276     0.63883    0.65007  ]
Numeric feature: 385
Number of distinct values: 173
[ -9.37220000e-02  -9.03890000e-02  -8.70560000e-02  -8.37220000e-02
  -8.03890000e-02  -7.70560000e-02  -7.37220000e-02  -7.03890000e-02
  -6.70560000e-02  -6.37220000e-02  -6.03890000e-02  -5.70560000e-02
  -5.37220000e-02  -5.03890000e-02  -4.70560000e-02  -4.37220000e-02
  -4.03890000e-02  -3.70560000e-02  -3.37220000e-02  -3.03890000e-02
  -2.70560000e-02  -2.37220000e-02  -2.03890000e-02  -1.70560000e-02
  -1.37220000e-02  -1.03890000e-02  -7.05560000e-03  -3.72230000e-03
  -3.88920000e-04   2.94440000e-03   6.27770000e-03   9.61110000e-03
   1.29440000e-02   1.62780000e-02   1.96110000e-02   2.29440000e-02
   2.62780000e-02   2.96110000e-02   3.29440000e-02   3.62780000e-02
   3.96110000e-02   4.29440000e-02   4.62780000e-02   4.96110000e-02
   5.29440000e-02   5.62780000e-02   5.96110000e-02   6.29440000e-02
   6.62780000e-02   6.96110000e-02   7.29440000e-02   7.62780000e-02
   7.96110000e-02   8.29440000e-02   8.62780000e-02   8.96110000e-02
   9.29440000e-02   9.62780000e-02   9.96110000e-02   1.02940000e-01
   1.06280000e-01   1.09610000e-01   1.12940000e-01   1.16280000e-01
   1.19610000e-01   1.22940000e-01   1.26280000e-01   1.29610000e-01
   1.32940000e-01   1.36280000e-01   1.39610000e-01   1.42940000e-01
   1.46280000e-01   1.49610000e-01   1.52940000e-01   1.56280000e-01
   1.59610000e-01   1.62940000e-01   1.66280000e-01   1.69610000e-01
   1.72940000e-01   1.76280000e-01   1.79610000e-01   1.82940000e-01
   1.86280000e-01   1.89610000e-01   1.92940000e-01   1.96280000e-01
   1.99610000e-01   2.02940000e-01   2.06280000e-01   2.09610000e-01
   2.12940000e-01   2.16280000e-01   2.19610000e-01   2.22940000e-01
   2.26280000e-01   2.29610000e-01   2.32940000e-01   2.36280000e-01
   2.39610000e-01   2.42940000e-01   2.46280000e-01   2.49610000e-01
   2.52940000e-01   2.56280000e-01   2.59610000e-01   2.62940000e-01
   2.66280000e-01   2.69610000e-01   2.72940000e-01   2.76280000e-01
   2.79610000e-01   2.82940000e-01   2.86280000e-01   2.89610000e-01
   2.92940000e-01   2.96280000e-01   2.99610000e-01   3.02940000e-01
   3.06280000e-01   3.09610000e-01   3.12940000e-01   3.16280000e-01
   3.22940000e-01   3.26280000e-01   3.29610000e-01   3.36280000e-01
   3.39610000e-01   3.42940000e-01   3.46280000e-01   3.49610000e-01
   3.52940000e-01   3.56280000e-01   3.62940000e-01   3.66280000e-01
   3.69610000e-01   3.72940000e-01   3.86280000e-01   3.89610000e-01
   3.96280000e-01   4.06280000e-01   4.09610000e-01   4.19610000e-01
   4.29610000e-01   4.32940000e-01   4.39610000e-01   4.42940000e-01
   4.49610000e-01   4.62940000e-01   4.66280000e-01   4.79610000e-01
   4.82940000e-01   4.89610000e-01   4.96280000e-01   4.99610000e-01
   5.02940000e-01   5.06280000e-01   5.12940000e-01   5.19610000e-01
   5.26280000e-01   5.42940000e-01   5.46280000e-01   5.56280000e-01
   5.69610000e-01   5.72940000e-01   6.59610000e-01   6.82940000e-01
   7.06280000e-01   7.16280000e-01   7.39610000e-01   8.46280000e-01
   9.06280000e-01]
Numeric feature: 386
Number of distinct values: 38
[ -1.40420000e-01  -1.18070000e-01  -9.29340000e-02  -7.05870000e-02
  -4.82410000e-02  -2.31010000e-02  -7.55090000e-04   2.15910000e-02
   4.67310000e-02   6.90770000e-02   9.14240000e-02   1.16560000e-01
   1.38910000e-01   1.61260000e-01   1.86400000e-01   2.08740000e-01
   2.31090000e-01   2.56230000e-01   2.78570000e-01   3.00920000e-01
   3.26060000e-01   3.48410000e-01   3.70750000e-01   3.95890000e-01
   4.18240000e-01   4.40590000e-01   4.65730000e-01   4.88070000e-01
   5.10420000e-01   5.35560000e-01   5.57900000e-01   5.80250000e-01
   6.05390000e-01   6.27740000e-01   6.75220000e-01   6.97570000e-01
   7.89750000e-01   8.59580000e-01]
Numeric feature: 387
Number of distinct values: 32
[-0.18641  -0.15784  -0.12927  -0.1007   -0.072124 -0.043553 -0.014981
  0.01359   0.042161  0.070733  0.099304  0.12788   0.15645   0.18502
  0.21359   0.24216   0.27073   0.2993    0.32788   0.35645   0.38502
  0.41359   0.44216   0.47073   0.4993    0.52788   0.55645   0.58502
  0.61359   0.67073   0.75645   0.81359 ]
Numeric feature: 388
Number of distinct values: 32
[-0.14127   -0.11217   -0.083068  -0.053967  -0.024866   0.0068796  0.03598
  0.065081   0.094181   0.12328    0.15238    0.18148    0.21058    0.23968
  0.27143    0.30053    0.32963    0.35873    0.38783    0.41693    0.44603
  0.47513    0.50423    0.53598    0.56508    0.59418    0.62328    0.65238
  0.68148    0.71058    0.76878    0.85873  ]
Numeric feature: 389
Number of distinct values: 43
[-0.1281   -0.10769  -0.089833 -0.069425 -0.049017 -0.031159 -0.010751
  0.009657  0.030065  0.047922  0.06833   0.088739  0.1066    0.127
  0.14741   0.16527   0.18568   0.20609   0.22394   0.24435   0.26476
  0.28517   0.30302   0.32343   0.34384   0.3617    0.38211   0.40251
  0.42037   0.44078   0.46119   0.47904   0.49945   0.51986   0.54027
  0.55813   0.57853   0.59894   0.6168    0.65762   0.71629   0.75455
  0.8719  ]
Numeric feature: 390
Number of distinct values: 35
[-0.13116  -0.10259  -0.074015 -0.045444 -0.016873  0.011699  0.04027
  0.068842  0.097413  0.12598   0.15456   0.18313   0.2117    0.24027
  0.26884   0.29741   0.32598   0.35456   0.38313   0.4117    0.44027
  0.46884   0.49741   0.52598   0.55456   0.58313   0.6117    0.64027
  0.66884   0.72598   0.75456   0.78313   0.8117    0.84027   0.86884 ]
Numeric feature: 391
Number of distinct values: 25
[-0.13446   -0.091958  -0.051958  -0.0094579  0.033042   0.073042   0.11554
  0.15804    0.19804    0.24054    0.28304    0.32304    0.36554    0.40804
  0.44804    0.49054    0.53304    0.57304    0.61554    0.65804    0.69804
  0.74054    0.78304    0.82304    0.86554  ]
Numeric feature: 392
Number of distinct values: 22
[-0.083865 -0.04465  -0.002633  0.036583  0.075798  0.11501   0.15703
  0.19625   0.23546   0.27748   0.31669   0.35591   0.39513   0.43714
  0.47636   0.51557   0.55759   0.59681   0.63602   0.67524   0.71725
  0.91613 ]
Numeric feature: 393
Number of distinct values: 21
[-0.13242  -0.081369 -0.033321  0.01773   0.068781  0.11683   0.16788
  0.21893   0.26698   0.31803   0.36908   0.41713   0.46818   0.51923
  0.56728   0.61833   0.66938   0.71743   0.76848   0.81953   0.86758 ]
Numeric feature: 394
Number of distinct values: 30
[-0.11433   -0.084025  -0.053721  -0.023418   0.0068846  0.037188   0.067491
  0.097794   0.1281     0.1584     0.1887     0.21901    0.24931    0.27961
  0.30991    0.34022    0.37052    0.40082    0.43113    0.46143    0.49173
  0.52204    0.55234    0.58264    0.61295    0.64325    0.67355    0.70385
  0.73416    0.88567  ]
Numeric feature: 395
Number of distinct values: 23
[-0.15799   -0.11717   -0.073438  -0.032622   0.0081947  0.049011   0.092743
  0.13356    0.17438    0.21811    0.25892    0.29974    0.34056    0.38429
  0.4251     0.46592    0.50965    0.55047    0.59129    0.6321     0.67583
  0.71665    0.84201  ]
Numeric feature: 396
Number of distinct values: 41
[-0.41399  -0.38899  -0.36399  -0.33899  -0.31399  -0.28899  -0.26399
 -0.23899  -0.21399  -0.18899  -0.16399  -0.13899  -0.11399  -0.088988
 -0.063988 -0.038988 -0.013988  0.011012  0.036012  0.061012  0.086012
  0.11101   0.13601   0.16101   0.18601   0.21101   0.23601   0.26101
  0.28601   0.31101   0.33601   0.36101   0.38601   0.41101   0.43601
  0.46101   0.48601   0.51101   0.53601   0.56101   0.58601 ]
Numeric feature: 397
Number of distinct values: 41
[-0.64469   -0.61969   -0.59469   -0.56969   -0.54469   -0.51969   -0.49469
 -0.46969   -0.44469   -0.41969   -0.39469   -0.36969   -0.34469   -0.31969
 -0.29469   -0.26969   -0.24469   -0.21969   -0.19469   -0.16969   -0.14469
 -0.11969   -0.094688  -0.069688  -0.044688  -0.019688   0.0053121
  0.030312   0.055312   0.080312   0.10531    0.13031    0.15531    0.18031
  0.20531    0.23031    0.25531    0.28031    0.30531    0.33031    0.35531  ]
Numeric feature: 398
Number of distinct values: 46
[-0.31402    -0.2955     -0.27698    -0.25846    -0.23994    -0.22142
 -0.2029     -0.18439    -0.16587    -0.14735    -0.12883    -0.11031
 -0.091794   -0.073275   -0.054757   -0.036238   -0.01772     0.00079875
  0.019317    0.037836    0.056354    0.074873    0.093391    0.11191
  0.13043     0.14895     0.16747     0.18598     0.2045      0.22302
  0.24154     0.26006     0.27858     0.2971      0.31561     0.33413
  0.35265     0.37117     0.38969     0.40821     0.44524     0.46376
  0.5008      0.51932     0.59339     0.68598   ]
Numeric feature: 399
Number of distinct values: 21
[-0.89188   -0.84188   -0.79188   -0.74188   -0.69188   -0.64188   -0.59188
 -0.54188   -0.49188   -0.44188   -0.39188   -0.34188   -0.29188   -0.24188
 -0.19188   -0.14188   -0.09188   -0.04188    0.0081197  0.05812    0.10812  ]
Numeric feature: 401
Number of distinct values: 27
[-0.79002   -0.69002   -0.67002   -0.59002   -0.58002   -0.57002   -0.49002
 -0.48002   -0.47002   -0.39002   -0.38002   -0.37002   -0.35002   -0.29002
 -0.28002   -0.27002   -0.25002   -0.19002   -0.18002   -0.17002   -0.15002
 -0.090016  -0.070016  -0.050016   0.0099841  0.049984   0.20998  ]
Numeric feature: 402
Number of distinct values: 38
[-0.66409   -0.61409   -0.56409   -0.54409   -0.51409   -0.49409   -0.46409
 -0.44409   -0.41409   -0.36409   -0.34409   -0.31409   -0.29409   -0.26409
 -0.24409   -0.21409   -0.19409   -0.16409   -0.14409   -0.11409   -0.094093
 -0.064093  -0.044093  -0.014093   0.0059074  0.035907   0.055907   0.085907
  0.10591    0.13591    0.15591    0.18591    0.20591    0.23591    0.25591
  0.28591    0.30591    0.33591  ]
Numeric feature: 403
Number of distinct values: 21
[-0.67822  -0.62822  -0.57822  -0.52822  -0.47822  -0.42822  -0.37822
 -0.32822  -0.27822  -0.22822  -0.17822  -0.12822  -0.078215 -0.028215
  0.021785  0.071785  0.12178   0.17178   0.22178   0.27178   0.32178 ]
Numeric feature: 404
Number of distinct values: 9
[   0.    12.5   25.    37.5   50.    62.5   75.    87.5  100. ]
Numeric feature: 405
Number of distinct values: 4
[   0.     33.33   66.67  100.  ]
Numeric feature: 406
Number of distinct values: 25
[-0.67822  -0.63655  -0.59489  -0.55322  -0.51155  -0.46989  -0.42822
 -0.38655  -0.34489  -0.30322  -0.26155  -0.21989  -0.17822  -0.13655
 -0.094887 -0.05322  -0.011553  0.030113  0.07178   0.11345   0.15511
  0.19678   0.23845   0.28011   0.32178 ]
List of numeric features: [0, 11, 12, 13, 55, 379, 380, 381, 382, 383, 384, 385, 386, 387, 388, 389, 390, 391, 392, 393, 394, 395, 396, 397, 398, 399, 401, 402, 403, 404, 405, 406]
